9.999978534022034848e-01	-5.462773116739388967e-04	1.998692593487107379e-03	5.501939903280358675e-04	9.999979286337444817e-01	-1.959595568469702041e-03	-1.997617970863794449e-03	1.960691030659539660e-03	9.999960825988887247e-01	-1.853584697482618671e-03	1.656393731519197055e-02	3.513816917177647881e-02
9.997367035596211871e-01	8.168763594520627933e-03	2.144282763720997340e-02	-8.718667387878435357e-03	9.996322408722870811e-01	2.567815896111950644e-02	-2.122518303152625199e-02	-2.585835087529301038e-02	9.994402619943272281e-01	-4.947384254693454331e-02	-1.182559471506340887e-01	-2.548385571899669522e-02
9.999895806734837578e-01	4.096238692187856821e-03	2.014788586050261700e-03	-4.090459676959088894e-03	9.999875324449056802e-01	-2.864104463880684862e-03	-2.026495522086451881e-03	2.855833210371775451e-03	9.999938687474904109e-01	1.370035086639162514e-02	-1.576395979644262813e-03	7.235003481591273378e-02
9.999982395058317763e-01	-3.720085162352545290e-04	-1.839183215608280238e-03	3.707936100038497994e-04	9.999997128845941052e-01	-6.608652102898475563e-04	1.839428535037421859e-03	6.601820894567366578e-04	9.999980903293131940e-01	5.969002295340732067e-04	1.386096482722645046e-02	-1.289342166126733469e-02
9.998251796924222390e-01	-2.999557640819570069e-03	-1.845569578686356155e-02	3.221576686640790100e-03	9.999226649599343153e-01	1.201189173599354065e-02	1.841823815325273686e-02	-1.206924825266790340e-02	9.997575214770556551e-01	1.683418114807809784e-01	-8.775577129119709052e-02	-1.448967050333620499e-01
9.999999523917021405e-01	2.459691933304278006e-04	1.863216220216694493e-04	-2.457752600565789704e-04	9.999994288296414346e-01	-1.040161002422614143e-03	-1.865773631626740860e-04	1.040115159656451130e-03	9.999994416745145998e-01	-1.150180124249020053e-02	2.950096404755724391e-02	5.836369824731013622e-04
9.984729931385741830e-01	-5.272717503360316305e-02	-1.647807591533217986e-02	5.166741868610542215e-02	9.969077585415880849e-01	-5.920640848673847795e-02	1.954890838922306376e-02	5.826462024728092104e-02	9.981097505826844740e-01	1.022150736611597277e-01	2.747796869594858471e-01	-9.615833524299355339e-02
9.972359050878495390e-01	-7.203866207178072356e-02	-1.819287691724987346e-02	7.258875294950604962e-02	9.968599014821810655e-01	3.164189883954928589e-02	1.585630943359445447e-02	-3.287503587594255844e-02	9.993336827443080050e-01	8.205447441257426866e-02	-1.211694977243915616e-02	1.535680280545099752e-01
9.999776364846713061e-01	-2.156581542896772105e-03	-6.330536042076785087e-03	2.143391942354471932e-03	9.999955198485571684e-01	-2.089534349234457421e-03	6.335013931527203046e-03	2.075918799957743224e-03	9.999777788329217154e-01	1.223965038323124310e-02	1.674299073208614097e-02	1.698803421839745198e-02
9.999999999992290611e-01	4.678568878484244558e-07	1.149409494678883657e-06	-4.678386821948300939e-07	9.999999998744509844e-01	-1.583914141512181233e-05	-1.149416904759511015e-06	1.583914087763145168e-05	9.999999998739003138e-01	-8.451241741608000665e-03	-2.012352422046750910e-02	6.055350808363058057e-03
9.526327252510733423e-01	2.374464909056155926e-01	-1.900264579928861441e-01	5.645867668853501303e-02	4.758949305360603566e-01	8.776881182496760747e-01	2.988365918144763600e-01	-8.468430663627634081e-01	4.399471699488697873e-01	2.952526309171414898e-01	-1.004916581103457274e+00	1.385200955718362215e+00
9.904463617942669273e-01	-2.142536615989731538e-02	-1.362239262883481461e-01	1.238918142787093918e-02	9.976868939515716184e-01	-6.683838583338720662e-02	1.373408627905269852e-01	6.451213313927615933e-02	9.884207970726707204e-01	2.933982049469781028e-01	1.782071618356399489e-01	5.084139660350774914e-01
9.859244610061848046e-01	-3.003293385671962010e-02	1.644718215185332622e-01	3.720365966103166000e-02	9.984788522833043523e-01	-4.069237337441934665e-02	-1.629995242247416765e-01	4.623855995784185297e-02	9.855420593133188412e-01	-6.457864449478839530e-01	7.836339888420901234e-02	1.622012340610656800e-01
9.998422201114082197e-01	-8.872367699136265301e-03	1.538882627435238411e-02	7.854918804191923787e-03	9.978568869990483980e-01	6.496101384021711611e-02	-1.593220428159350388e-02	-6.482988631781298750e-02	9.977691369784650322e-01	-7.342698595580454679e-02	-2.370859803236955443e-01	1.549797063557001309e-02
7.905020620679016341e-01	3.356089947605822577e-01	5.123212785959464499e-01	-3.711309573666271011e-01	9.279129473219004387e-01	-3.520475360677730037e-02	-4.872045795664538548e-01	-1.623088562838584659e-01	8.580719858038137193e-01	-1.543872176416674957e+00	-1.202387994231968182e-02	2.299709742886908437e-01
9.999999722202866925e-01	-5.343685928699073870e-05	2.295733610478914596e-04	5.347405069611464766e-05	9.999999854483925255e-01	-1.619991994543206729e-04	-2.295647009791494544e-04	1.620114711717643560e-04	9.999999605261647995e-01	-1.837897852624169326e-02	1.175373157901790644e-02	-4.372637880641261354e-02
9.998177755587972504e-01	-1.165625846694521260e-02	-1.511778142485177383e-02	1.188199600910002339e-02	9.998179540386802344e-01	1.492906402782334142e-02	1.494101226482159005e-02	-1.510597300603014337e-02	9.997742623872868384e-01	-3.527735009904969798e-02	1.107184945155709199e-02	-1.442547796653501635e-01
5.582023392447528209e-01	3.788327563208262472e-01	7.381706382673653977e-01	-6.413104043188956327e-01	7.614819277477828940e-01	9.416070850333914388e-02	-5.264324398952029416e-01	-5.259572382350902187e-01	6.680103814867685008e-01	-1.325957727594941460e+00	-4.163173065336423506e-01	9.112050299765006578e-02
9.941834911173295097e-01	6.296582596548606914e-02	-8.737557296088510617e-02	-6.546778916439083273e-02	9.975141278447562376e-01	-2.606786013547101807e-02	8.551698411243043030e-02	3.163652178416145877e-02	9.958343114784278249e-01	1.189457542806761081e-01	2.116931674818689491e-03	-2.635311333838464831e-01
9.999971614157664446e-01	4.175867158606154242e-04	2.345800875285053953e-03	-4.174864490194750378e-04	9.999999119179990847e-01	-4.323262502962248887e-05	-2.345818722033769527e-03	4.225316223234536580e-05	9.999972476708089975e-01	-8.071855595636967529e-02	-7.485568178656827609e-02	-7.722547302482118958e-03
9.999726973456060097e-01	3.226383858824799673e-03	6.647932802591330695e-03	-3.220024296773613213e-03	9.999943480607861312e-01	-9.671039294617196939e-04	-6.651015477387518110e-03	9.456710198102083031e-04	9.999774345951222276e-01	-9.033318747713563190e-03	-2.766167910776218264e-03	3.856042954013627622e-02
9.995123309669040612e-01	1.620166575951927437e-02	2.669468620763312469e-02	-1.578649171212895969e-02	9.997522632845722290e-01	-1.569072136013766744e-02	-2.694228877675489131e-02	1.526165403864933323e-02	9.995204825272345772e-01	1.052887149291498181e-01	8.032981673847761073e-02	1.235114377810694331e-01
