8.975028678633433232e-01	8.805226875099306239e-02	-4.321289161174901583e-01	-3.311227692403810596e-02	9.905537463106084406e-01	1.330670988145619404e-01	4.397637766960575956e-01	-1.051193304669571921e-01	8.919404391932218568e-01	9.717107140582674774e-01	-3.692530246177980202e-01	2.280596622517832017e-01
-3.119941746705736096e-01	3.653598730628907498e-01	8.770243999610828345e-01	1.749698491545576273e-01	9.294086688565335042e-01	-3.249385759511461136e-01	-9.338335969852764595e-01	5.207388414354773704e-02	-3.538970524485131053e-01	-2.005559687952266135e+00	8.288249797114140005e-01	3.263248355848236137e+00
8.167638435468500546e-01	-2.553239608868246302e-01	5.174036131219416079e-01	1.409372121309901416e-01	9.578798848427804158e-01	2.502055723806445586e-01	-5.594939911306650027e-01	-1.314374421945468940e-01	8.183463036380344002e-01	-1.460820768068192610e+00	-3.867977625490447990e-01	1.874316388173680181e-01
8.107986147013541700e-01	1.914365508522216930e-01	5.531343899959314525e-01	-3.497637895011959652e-02	9.591607941767524848e-01	-2.806906194188912851e-01	-5.842792648330984440e-01	2.082369273496609274e-01	7.843820005418723484e-01	-1.224229646767032609e+00	5.793956062843059751e-01	-2.443748553835622950e-02
6.511631366539568644e-01	-2.063075899045055395e-01	-7.303586432779298754e-01	-9.845984308753441550e-02	9.312461124598014894e-01	-3.508366248379553021e-01	7.525239057745364279e-01	3.003628744973391718e-01	5.860801266563615552e-01	1.613146351217139562e+00	7.119344632715528531e-01	7.699066842563151436e-01
5.558585357233759572e-01	-2.223356135865251493e-01	-8.009919869727604169e-01	-1.016917268341945429e-01	9.381437999076943646e-01	-3.309758350517980063e-01	8.250333817227932798e-01	2.654300013673264180e-01	4.988655464323004107e-01	1.938333316392877537e+00	6.408968740014109322e-01	7.535145716212243716e-01
5.202680200942430000e-01	-2.430524717356896125e-01	-8.186859490979383480e-01	-8.552252157777451291e-02	9.389979613219026078e-01	-3.331196886050039052e-01	8.497100008651189418e-01	2.433276075920857429e-01	4.677441499509291667e-01	2.070425230123512428e+00	6.962426368938885446e-01	8.767262412659666548e-01
4.542138638448995902e-01	-2.966211351785940642e-01	-8.400628952979966035e-01	-1.734246756783877075e-01	8.954675990208468273e-01	-4.099532424188044866e-01	8.738499000154078544e-01	3.318940814012925067e-01	3.552923739314711171e-01	2.289193458527466696e+00	9.400033249402184321e-01	9.565306364621553037e-01
